processor       : 0
cpu             : PPC970FX, altivec supported
clock           : 2194.624509MHz
revision        : 3.1 (pvr 003c 0301)

processor       : 1
cpu             : PPC970FX, altivec supported
clock           : 2194.624509MHz
revision        : 3.1 (pvr 003c 0301)

timebase        : 14318000
machine         : CHRP IBM,8842-42U 
